NAME : .
COMMENT: .
TYPE : CVRP
DIMENSION : 273
EDGE_WEIGHT_TYPE : EUC_2D
CAPACITY : uncapacitated
NODE_COORD_SECTION
3 409277 435420
4 409260 435538
5 409240 435695
6 409213 435897
7 409199 435982
8 409178 436078
9 409174 436171
10 409147 436256
11 409469 435389
12 409378 435463
13 409378 435563
15 409328 435891
16 409275 435982
17 409289 436065
19 409208 436263
22 409565 435307
23 409577 435510
24 409515 435614
25 409478 435707
27 409442 435913
28 409408 436075
29 409344 436201
30 409398 436213
31 409638 435143
32 409683 435349
33 409670 435514
34 409620 435615
35 409688 435618
36 409624 435752
37 409570 435942
39 409512 436236
40 409216 435826
41 409158 435820
42 408777 434870
44 408808 434639
46 408932 434976
47 408897 434650
48 409050 434674
49 409033 434769
50 408906 434723
52 409090 434982
53 409020 435056
54 409262 435017
55 409210 435093
57 409192 435244
58 409298 435127
59 409302 435225
60 409264 435295
61 409372 434355
62 409426 434622
63 409452 434831
64 409553 435074
65 409434 435030
67 409517 434818
68 409539 434954
70 409167 435416
71 408778 434739
72 409411 434362
73 409822 435466
74 409811 435545
75 409765 435617
78 409837 436155
79 409711 436281
80 409969 435509
81 409944 435714
83 409946 436015
84 410015 436193
86 410073 436039
87 410113 436329
88 410204 436314
89 409645 436119
90 410120 436189
91 409875 435755
92 410180 436398
93 410244 436276
94 410224 436222
96 409573 436533
97 409575 436677
98 409553 436813
99 409546 436882
100 409701 436391
101 409691 436539
102 409680 436697
103 409667 436825
104 409657 436892
105 409858 436418
106 409795 436554
107 409788 436708
108 409768 436873
110 409863 436728
111 409923 436735
113 410006 436607
114 410003 436738
115 410006 436804
116 409960 436901
117 410014 436903
118 409816 437011
119 410120 436627
120 410099 436799
122 410234 436518
123 410205 436634
124 410213 436728
125 410212 436795
126 410320 436562
127 410324 436701
129 410201 436904
130 410140 436494
132 408906 436537
133 408865 436634
134 408849 436707
135 408791 436841
136 409016 436511
137 408946 436666
138 408921 436738
139 408872 436787
140 408903 436834
141 409160 436346
142 409102 436513
143 409007 436747
145 409261 436338
146 409213 436540
148 409114 436740
150 409057 436848
151 409174 436708
152 409136 436838
153 409322 436406
154 409255 436694
155 409213 436836
156 409372 436561
157 409286 436828
160 409456 436520
161 409442 436668
162 409429 436834
164 408597 436868
181 409968 435327
195 409833 434956
203 409789 434303
204 409837 434359
216 410153 434343
217 410115 434226
220 409547 434042
224 409718 433959
225 409591 434082
227 409591 434222
228 409583 433734
229 409634 433883
230 409715 434552
231 409832 434522
232 409987 434568
233 410230 434688
234 410071 434703
236 410113 434847
237 409434 434132
238 409490 434182
239 410179 435225
240 410209 435297
242 410298 435298
244 410347 435267
245 410359 435086
246 410430 435251
247 410429 435043
248 410511 435237
249 410492 434950
250 410545 435076
252 410637 435315
254 410607 435053
258 410705 435132
259 410721 435245
260 410684 435340
261 410660 434732
262 410737 434792
263 410744 435073
264 410808 435074
265 410830 435132
277 411326 435084
292 411034 435304
296 411069 434818
300 411269 435392
302 411474 435516
303 411561 435330
304 410220 435613
314 410394 435919
319 410482 436373
334 410551 436010
338 410556 435600
359 410797 436186
360 410746 435470
373 410895 435848
381 411123 435729
387 411495 434827
388 411659 434617
394 411728 434237
401 412687 433395
409 412437 433525
412 412300 433668
422 412298 433208
431 412007 433476
432 411308 434721
442 411886 433816
444 412080 434195
452 407288 434536
453 407558 433845
455 407399 434317
465 407493 434671
467 407615 434816
473 407928 434839
477 408192 434803
487 407818 434542
490 407617 434203
502 408034 434390
508 406933 434564
509 407246 434266
510 407275 433938
513 407300 433763
522 406906 434328
524 406840 434204
525 406398 434266
528 406378 433592
529 406394 433260
533 406590 433101
535 406683 433301
545 406574 433769
548 407117 433070
550 407422 433137
551 406901 433359
552 407150 433400
554 406714 434707
558 406666 435023
567 406818 435276
576 406445 435286
578 406888 435660
579 406848 434993
586 407839 433681
592 408046 433484
598 408432 433440
602 408366 433145
616 408745 433586
621 407788 433274
623 407887 433059
626 407507 433490
638 408428 434498
642 408508 434788
644 408346 433756
648 408470 434125
662 408746 434417
664 408650 433823
672 408215 434274
676 407977 434067
679 408150 433880
683 409061 433610
684 408962 433786
685 408869 434012
692 409369 433716
694 409131 434030
705 409104 434347
723 409596 433463
730 409384 433134
735 412288 435888
750 412616 435941
756 412466 435706
757 411715 435683
760 411973 435761
770 411737 436475
776 411943 436399
783 412284 436333
789 412086 436729
794 412330 436598
798 412630 436365
802 412534 436629
808 412581 436944
809 412140 436120
813 411690 435995
815 411613 436244
DEMAND_SECTION
3 33
4 15
5 1
6 5
7 87
8 91
9 45
10 1
11 41
12 23
13 26
15 53
16 1
17 80
19 1
22 12
23 60
24 35
25 138
27 173
28 61
29 1
30 21
31 8
32 18
33 35
34 17
35 22
36 60
37 65
39 39
40 1
41 1
42 5
44 30
46 61
47 79
48 8
49 193
50 4
52 63
53 22
54 283
55 150
57 20
58 10
59 13
60 3
61 19
62 444
63 54
64 25
65 21
67 19
68 26
70 105
71 73
72 3
73 1
74 46
75 28
78 65
79 152
80 1
81 61
83 49
84 43
86 48
87 27
88 6
89 49
90 27
91 19
92 33
93 1
94 1
96 49
97 54
98 30
99 12
100 34
101 58
102 61
103 23
104 12
105 96
106 37
107 46
108 25
110 35
111 31
113 33
114 26
115 28
116 19
117 17
118 28
119 39
120 32
122 39
123 36
124 25
125 22
126 17
127 32
129 1
130 33
132 18
133 49
134 7
135 1
136 62
137 26
138 25
139 13
140 13
141 20
142 67
143 34
145 127
146 42
148 27
150 18
151 37
152 26
153 96
154 84
155 33
156 103
157 34
160 38
161 94
162 32
164 15
181 20
195 22
203 41
204 26
216 20
217 2
220 40
224 19
225 4
227 43
228 8
229 2
230 29
231 1
232 1
233 1
234 1
236 1
237 1
238 1
239 29
240 42
242 1
244 48
245 46
246 53
247 58
248 60
249 28
250 6
252 1
254 26
258 21
259 17
260 3
261 32
262 33
263 30
264 1
265 8
277 32
292 1
296 1
300 1
302 1
303 1
304 1
314 30
319 17
334 16
338 64
359 24
360 42
373 34
381 23
387 48
388 19
394 10
401 33
409 44
412 38
422 36
431 1
432 1
442 25
444 1
452 20
453 19
455 16
465 16
467 12
473 6
477 19
487 15
490 16
502 72
508 29
509 25
510 28
513 8
522 1
524 17
525 5
528 24
529 20
533 7
535 19
545 14
548 18
550 64
551 1
552 1
554 5
558 10
567 10
576 2
578 1
579 1
586 51
592 15
598 115
602 7
616 27
621 63
623 100
626 12
638 135
642 5
644 30
648 152
662 183
664 17
672 6
676 17
679 19
683 12
684 1
685 31
692 50
694 29
705 26
723 2
730 25
735 19
750 1
756 6
757 10
760 22
770 1
776 15
783 29
789 50
794 37
798 15
802 43
808 49
809 7
813 45
815 1
DEPOT_SECTION
EOF
