NAME : .
COMMENT: .
TYPE : CVRP
DIMENSION : 80
EDGE_WEIGHT_TYPE : EUC_2D
CAPACITY : uncapacitated
NODE_COORD_SECTION
8 409178 436078
26 409442 435810
34 409620 435615
38 409541 436090
44 408808 434639
45 408840 435022
49 409033 434769
54 409262 435017
56 409109 435153
66 409479 434592
70 409167 435416
91 409875 435755
100 409701 436391
102 409680 436697
106 409795 436554
112 409874 436894
114 410003 436738
127 410324 436701
130 410140 436494
139 408872 436787
142 409102 436513
145 409261 436338
155 409213 436836
160 409456 436520
175 409738 434678
188 409972 435164
195 409833 434956
211 410014 434305
225 409591 434082
241 410244 435175
250 410545 435076
262 410737 434792
278 411451 435109
299 411037 434936
320 410371 435374
326 410488 436025
332 410479 435620
353 410735 436203
356 410735 435854
361 410735 435556
374 410901 435964
375 410946 435666
404 412533 433283
413 412273 433724
417 412324 433474
426 412142 433375
439 411960 434041
501 407952 434326
506 406804 434553
586 407839 433681
587 407782 433454
593 408121 433547
605 408348 433257
608 408410 433567
613 408591 433542
619 407671 433294
632 408094 433305
634 408245 434407
638 408428 434498
641 408570 434746
645 408369 433823
648 408470 434125
651 408578 434478
658 408574 433948
661 408703 434274
668 408771 433692
686 409223 433668
697 409037 434325
712 409123 434596
714 409267 434380
739 412434 435834
751 412581 436007
766 412017 435620
772 411802 436348
785 412202 436456
793 412357 436537
801 412568 436561
805 412431 436825
811 411589 435949
814 411846 435977
DEMAND_SECTION
8 91
26 1
34 17
38 54
44 30
45 98
49 193
54 283
56 153
66 13
70 105
91 19
100 34
102 61
106 37
112 41
114 26
127 32
130 33
139 13
142 67
145 127
155 33
160 38
175 19
188 62
195 22
211 26
225 4
241 1
250 6
262 33
278 44
299 1
320 11
326 17
332 19
353 22
356 28
361 14
374 32
375 1
404 38
413 31
417 31
426 32
439 21
501 49
506 28
586 51
587 86
593 28
605 1
608 37
613 22
619 35
632 1
634 18
638 135
641 129
645 200
648 152
651 33
658 188
661 23
668 19
686 128
697 144
712 7
714 16
739 16
751 19
766 32
772 22
785 35
793 36
801 29
805 47
811 63
814 992
DEPOT_SECTION
EOF
