NAME : .
COMMENT: .
TYPE : CVRP
DIMENSION : 70
EDGE_WEIGHT_TYPE : EUC_2D
CAPACITY : uncapacitated
NODE_COORD_SECTION
4 409260 435538
9 409174 436171
26 409442 435810
28 409408 436075
32 409683 435349
44 408808 434639
63 409452 434831
69 409038 435235
78 409837 436155
85 410067 435592
94 410224 436222
95 410435 436784
104 409657 436892
114 410003 436738
143 409007 436747
161 409442 436668
163 408514 436845
197 409962 434875
204 409837 434359
219 410282 434470
243 410294 435141
261 410660 434732
275 411176 434965
281 410816 435249
303 411561 435330
333 410502 435734
343 410646 436100
380 411062 435695
388 411659 434617
396 412116 433724
407 412606 433482
423 412237 433186
434 411867 434209
456 407439 434507
465 407493 434671
472 407888 434792
482 408089 434539
488 407649 434014
515 407158 434149
522 406906 434328
525 406398 434266
530 406450 433586
531 406470 433273
540 406977 433349
549 407207 433040
556 406690 434858
569 406848 435463
575 406427 435203
592 408046 433484
609 408455 433224
614 408608 433603
621 407788 433274
627 407432 433551
641 408570 434746
648 408470 434125
678 407943 434001
679 408150 433880
684 408962 433786
697 409037 434325
713 409487 433830
714 409267 434380
723 409596 433463
733 409244 433051
744 412523 435888
760 411973 435761
780 412009 436507
783 412284 436333
806 412422 436904
807 412701 436518
815 411613 436244
DEMAND_SECTION
4 15
9 45
26 1
28 61
32 18
44 30
63 54
69 90
78 65
85 1
94 1
95 37
104 12
114 26
143 34
161 94
163 9
197 40
204 26
219 21
243 26
261 32
275 37
281 40
303 1
333 16
343 22
380 44
388 19
396 23
407 25
423 35
434 23
456 7
465 16
472 11
482 27
488 1
515 14
522 1
525 5
530 26
531 12
540 5
549 17
556 13
569 3
575 10
592 15
609 51
614 22
621 63
627 8
641 129
648 152
678 14
679 19
684 1
697 144
713 5
714 16
723 2
733 22
744 21
760 22
780 14
783 29
806 50
807 111
815 1
DEPOT_SECTION
EOF
