NAME : .
COMMENT: .
TYPE : CVRP
DIMENSION : 100
EDGE_WEIGHT_TYPE : EUC_2D
CAPACITY : uncapacitated
NODE_COORD_SECTION
7 409199 435982
8 409178 436078
14 409351 435734
17 409289 436065
18 409272 436188
23 409577 435510
25 409478 435707
27 409442 435913
28 409408 436075
36 409624 435752
37 409570 435942
43 408731 434657
45 408840 435022
46 408932 434976
47 408897 434650
49 409033 434769
51 409262 434873
52 409090 434982
54 409262 435017
55 409210 435093
56 409109 435153
62 409426 434622
69 409038 435235
70 409167 435416
71 408778 434739
76 409812 435857
78 409837 436155
79 409711 436281
81 409944 435714
82 410041 435866
101 409691 436539
102 409680 436697
105 409858 436418
131 409026 436332
135 408791 436841
136 409016 436511
142 409102 436513
144 408951 436887
145 409261 436338
147 409150 436607
153 409322 436406
154 409255 436694
156 409372 436561
161 409442 436668
167 408888 436863
188 409972 435164
247 410429 435043
248 410511 435237
267 410780 434673
338 410556 435600
362 410771 435700
502 408034 434390
550 407422 433137
585 407694 433514
587 407782 433454
588 407933 433628
589 407873 433397
590 408016 433564
591 407960 433292
596 408159 433341
598 408432 433440
603 408377 433205
621 407788 433274
622 407617 433224
623 407887 433059
635 408272 434454
636 408392 434637
637 408428 434379
638 408428 434498
641 408570 434746
645 408369 433823
646 408391 433914
648 408470 434125
649 408505 434233
653 408651 434460
656 408506 433774
657 408535 433862
658 408574 433948
659 408618 434062
660 408662 434157
662 408746 434417
671 408386 434010
686 409223 433668
688 408977 434240
689 408900 434293
690 408816 434275
696 409045 434202
697 409037 434325
706 409009 434454
707 409073 434471
709 409242 434616
710 408992 434574
711 409064 434594
767 412092 435705
768 412293 435793
769 411707 436337
807 412701 436518
811 411589 435949
812 411644 435991
814 411846 435977
DEMAND_SECTION
7 87
8 91
14 301
17 80
18 118
23 60
25 138
27 173
28 61
36 60
37 65
43 115
45 98
46 61
47 79
49 193
51 654
52 63
54 283
55 150
56 153
62 444
69 90
70 105
71 73
76 160
78 65
79 152
81 61
82 102
101 58
102 61
105 96
131 88
135 1
136 62
142 67
144 1
145 127
147 84
153 96
154 84
156 103
161 94
167 54
188 62
247 58
248 60
267 70
338 64
362 124
502 72
550 64
585 62
587 86
588 97
589 61
590 105
591 175
596 253
598 115
603 62
621 63
622 120
623 100
635 129
636 467
637 184
638 135
641 129
645 200
646 143
648 152
649 195
653 283
656 208
657 179
658 188
659 88
660 120
662 183
671 71
686 128
688 301
689 211
690 166
696 243
697 144
706 139
707 90
709 375
710 87
711 83
767 408
768 647
769 147
807 111
811 63
812 74
814 992
DEPOT_SECTION
EOF
