NAME : .
COMMENT: .
TYPE : CVRP
DIMENSION : 100
EDGE_WEIGHT_TYPE : EUC_2D
CAPACITY : uncapacitated
NODE_COORD_SECTION
9 409174 436171
14 409351 435734
16 409275 435982
23 409577 435510
25 409478 435707
27 409442 435913
44 408808 434639
45 408840 435022
48 409050 434674
51 409262 434873
55 409210 435093
56 409109 435153
66 409479 434592
70 409167 435416
75 409765 435617
76 409812 435857
79 409711 436281
82 410041 435866
105 409858 436418
110 409863 436728
115 410006 436804
123 410205 436634
136 409016 436511
137 408946 436666
146 409213 436540
151 409174 436708
153 409322 436406
155 409213 436836
156 409372 436561
161 409442 436668
167 408888 436863
175 409738 434678
188 409972 435164
191 409892 434941
196 410157 435130
220 409547 434042
245 410359 435086
246 410430 435251
266 410707 434687
275 411176 434965
279 411506 435137
306 410228 435388
315 410417 436035
347 410622 435569
351 410704 436034
356 410735 435854
368 410834 435710
380 411062 435695
402 412644 433351
410 412408 433588
413 412273 433724
418 412349 433415
420 412481 433241
429 412139 433524
500 407873 434382
506 406804 434553
588 407933 433628
591 407960 433292
592 408046 433484
607 408346 433540
609 408455 433224
610 408522 433432
619 407671 433294
623 407887 433059
632 408094 433305
635 408272 434454
636 408392 434637
638 408428 434498
642 408508 434788
646 408391 433914
648 408470 434125
649 408505 434233
650 408519 434341
651 408578 434478
657 408535 433862
660 408662 434157
662 408746 434417
668 408771 433692
686 409223 433668
689 408900 434293
698 408897 434547
707 409073 434471
709 409242 434616
719 409118 434226
720 409107 434290
735 412288 435888
764 411926 435590
767 412092 435705
772 411802 436348
778 411888 436460
785 412202 436456
788 412100 436658
793 412357 436537
796 412257 436738
802 412534 436629
805 412431 436825
807 412701 436518
812 411644 435991
814 411846 435977
818 412633 436991
DEMAND_SECTION
9 45
14 301
16 1
23 60
25 138
27 173
44 30
45 98
48 8
51 654
55 150
56 153
66 13
70 105
75 28
76 160
79 152
82 102
105 96
110 35
115 28
123 36
136 62
137 26
146 42
151 37
153 96
155 33
156 103
161 94
167 54
175 19
188 62
191 16
196 25
220 40
245 46
246 53
266 28
275 37
279 41
306 26
315 24
347 31
351 1
356 28
368 42
380 44
402 33
410 47
413 31
418 35
420 38
429 43
500 27
506 28
588 97
591 175
592 15
607 21
609 51
610 39
619 35
623 100
632 1
635 129
636 467
638 135
642 5
646 143
648 152
649 195
650 22
651 33
657 179
660 120
662 183
668 19
686 128
689 211
698 55
707 90
709 375
719 1
720 1
735 19
764 32
767 408
772 22
778 31
785 35
788 29
793 36
796 37
802 43
805 47
807 111
812 74
814 992
818 42
DEPOT_SECTION
EOF
