NAME : .
COMMENT: .
TYPE : CVRP
DIMENSION : 100
EDGE_WEIGHT_TYPE : EUC_2D
CAPACITY : uncapacitated
NODE_COORD_SECTION
1 409154 435528
2 409151 435683
3 409277 435420
4 409260 435538
5 409240 435695
6 409213 435897
7 409199 435982
8 409178 436078
9 409174 436171
11 409469 435389
12 409378 435463
13 409378 435563
15 409328 435891
18 409272 436188
19 409208 436263
21 409609 435201
23 409577 435510
24 409515 435614
26 409442 435810
27 409442 435913
28 409408 436075
29 409344 436201
30 409398 436213
31 409638 435143
32 409683 435349
33 409670 435514
35 409688 435618
36 409624 435752
37 409570 435942
38 409541 436090
40 409216 435826
42 408777 434870
43 408731 434657
44 408808 434639
47 408897 434650
48 409050 434674
49 409033 434769
50 408906 434723
51 409262 434873
53 409020 435056
54 409262 435017
55 409210 435093
56 409109 435153
57 409192 435244
58 409298 435127
59 409302 435225
60 409264 435295
61 409372 434355
63 409452 434831
64 409553 435074
66 409479 434592
67 409517 434818
68 409539 434954
71 408778 434739
72 409411 434362
73 409822 435466
74 409811 435545
77 409792 435978
99 409546 436882
109 409900 436600
120 410099 436799
166 408796 436835
186 409798 434991
217 410115 434226
256 410618 434776
277 411326 435084
285 411272 435509
291 411057 435110
310 410301 435384
332 410479 435620
336 410591 436231
362 410771 435700
392 411601 434320
405 412493 433410
446 412023 433809
451 407398 434564
473 407928 434839
474 408122 434634
510 407275 433938
527 406306 433150
543 406719 433674
549 407207 433040
558 406666 435023
569 406848 435463
584 406746 434273
596 408159 433341
614 408608 433603
620 408536 433245
624 407553 433546
625 407483 433605
626 407507 433490
627 407432 433551
660 408662 434157
676 407977 434067
699 409401 433812
726 409506 433216
737 412374 435958
758 411780 435701
778 411888 436460
803 412511 436693
DEMAND_SECTION
1 50
2 4
3 33
4 15
5 1
6 5
7 87
8 91
9 45
11 41
12 23
13 26
15 53
18 118
19 1
21 15
23 60
24 35
26 1
27 173
28 61
29 1
30 21
31 8
32 18
33 35
35 22
36 60
37 65
38 54
40 1
42 5
43 115
44 30
47 79
48 8
49 193
50 4
51 654
53 22
54 283
55 150
56 153
57 20
58 10
59 13
60 3
61 19
63 54
64 25
66 13
67 19
68 26
71 73
72 3
73 1
74 46
77 1
99 12
109 52
120 32
166 185
186 6
217 2
256 30
277 32
285 20
291 1
310 20
332 19
336 16
362 124
392 32
405 26
446 1
451 9
473 6
474 14
510 28
527 20
543 1
549 17
558 10
569 3
584 1
596 253
614 22
620 16
624 9
625 5
626 12
627 8
660 120
676 17
699 21
726 20
737 18
758 22
778 31
803 42
DEPOT_SECTION
EOF
