NAME : .
COMMENT: .
TYPE : CVRP
DIMENSION : 20
EDGE_WEIGHT_TYPE : EUC_2D
CAPACITY : uncapacitated
NODE_COORD_SECTION
18 409272 436188
36 409624 435752
52 409090 434982
96 409573 436533
113 410006 436607
149 409065 436786
171 409610 434773
193 410079 435087
289 410783 434971
331 410453 435478
350 410695 435964
417 412324 433474
587 407782 433454
598 408432 433440
640 408531 434581
658 408574 433948
706 409009 434454
744 412523 435888
759 411921 435748
794 412330 436598
DEMAND_SECTION
18 118
36 60
52 63
96 49
113 33
149 2
171 16
193 37
289 1
331 26
350 1
417 31
587 86
598 115
640 37
658 188
706 139
744 21
759 21
794 37
DEPOT_SECTION
EOF
