NAME : .
COMMENT: .
TYPE : CVRP
DIMENSION : 100
EDGE_WEIGHT_TYPE : EUC_2D
CAPACITY : uncapacitated
NODE_COORD_SECTION
1 409154 435528
3 409277 435420
10 409147 436256
13 409378 435563
18 409272 436188
20 409754 435326
22 409565 435307
24 409515 435614
27 409442 435913
34 409620 435615
37 409570 435942
40 409216 435826
43 408731 434657
47 408897 434650
53 409020 435056
60 409264 435295
63 409452 434831
79 409711 436281
82 410041 435866
94 410224 436222
101 409691 436539
103 409667 436825
116 409960 436901
124 410213 436728
137 408946 436666
152 409136 436838
156 409372 436561
163 408514 436845
178 409718 435043
182 409770 434593
193 410079 435087
202 410389 434885
212 410109 434397
223 409762 433858
227 409591 434222
234 410071 434703
255 410650 435170
277 411326 435084
287 411459 435554
292 411034 435304
294 410853 434804
305 410169 435417
324 410468 435817
336 410591 436231
339 410559 435512
365 410837 436079
379 411002 435664
390 411551 434496
397 412195 433835
406 412465 433468
426 412142 433375
432 411308 434721
434 411867 434209
442 411886 433816
453 407558 433845
455 407399 434317
460 407846 434923
466 407587 434751
470 407870 434680
475 408327 434678
493 407858 434164
495 407703 434268
523 406926 434172
525 406398 434266
526 407200 433724
530 406450 433586
531 406470 433273
536 406782 433480
541 407026 433216
550 407422 433137
560 406567 434733
566 406802 435198
576 406445 435286
578 406888 435660
581 406987 434514
618 407608 433396
623 407887 433059
631 408456 433355
632 408094 433305
633 407931 433784
634 408245 434407
648 408470 434125
655 408487 433708
670 408872 433690
681 408138 433801
687 409096 433937
690 408816 434275
699 409401 433812
714 409267 434380
723 409596 433463
731 409271 433151
744 412523 435888
764 411926 435590
772 411802 436348
786 412167 436520
798 412630 436365
805 412431 436825
809 412140 436120
812 411644 435991
817 412689 437015
DEMAND_SECTION
1 50
3 33
10 1
13 26
18 118
20 1
22 12
24 35
27 173
34 17
37 65
40 1
43 115
47 79
53 22
60 3
63 54
79 152
82 102
94 1
101 58
103 23
116 19
124 25
137 26
152 26
156 103
163 9
178 21
182 23
193 37
202 17
212 20
223 3
227 43
234 1
255 21
277 32
287 23
292 1
294 1
305 26
324 1
336 16
339 18
365 21
379 33
390 22
397 17
406 25
426 32
432 1
434 23
442 25
453 19
455 16
460 1
466 1
470 22
475 13
493 44
495 18
523 11
525 5
526 1
530 26
531 12
536 8
541 1
550 64
560 11
566 8
576 2
578 1
581 1
618 19
623 100
631 1
632 1
633 55
634 18
648 152
655 25
670 1
681 20
687 1
690 166
699 21
714 16
723 2
731 15
744 21
764 32
772 22
786 35
798 15
805 47
809 7
812 74
817 29
DEPOT_SECTION
EOF
