NAME : .
COMMENT: .
TYPE : CVRP
DIMENSION : 80
EDGE_WEIGHT_TYPE : EUC_2D
CAPACITY : uncapacitated
NODE_COORD_SECTION
3 409277 435420
9 409174 436171
26 409442 435810
33 409670 435514
39 409512 436236
50 408906 434723
53 409020 435056
54 409262 435017
68 409539 434954
81 409944 435714
84 410015 436193
100 409701 436391
104 409657 436892
111 409923 436735
127 410324 436701
130 410140 436494
136 409016 436511
138 408921 436738
157 409286 436828
160 409456 436520
170 409591 434570
184 409812 434774
188 409972 435164
201 410307 434939
207 409942 434312
208 410090 434450
220 409547 434042
242 410298 435298
255 410650 435170
256 410618 434776
278 411451 435109
299 411037 434936
322 410416 435631
326 410488 436025
344 410663 436219
361 410735 435556
364 410812 435963
384 411149 435575
390 411551 434496
405 412493 433410
415 412177 433702
425 412201 433331
439 411960 434041
456 407439 434507
466 407587 434751
477 408192 434803
488 407649 434014
493 407858 434164
499 407955 434517
504 406791 434621
517 407096 434374
519 407101 434011
528 406378 433592
563 406542 434972
588 407933 433628
599 408259 433586
604 408298 433266
611 408602 433425
621 407788 433274
623 407887 433059
624 407553 433546
637 408428 434379
639 408489 434590
647 408474 433992
661 408703 434274
665 408679 433693
677 408179 433952
692 409369 433716
695 409122 434124
708 409148 434442
730 409384 433134
739 412434 435834
750 412616 435941
765 411971 435612
772 411802 436348
788 412100 436658
792 412387 436470
801 412568 436561
808 412581 436944
813 411690 435995
DEMAND_SECTION
3 33
9 45
26 1
33 35
39 39
50 4
53 22
54 283
68 26
81 61
84 43
100 34
104 12
111 31
127 32
130 33
136 62
138 25
157 34
160 38
170 25
184 43
188 62
201 31
207 39
208 28
220 40
242 1
255 21
256 30
278 44
299 1
322 21
326 17
344 27
361 14
364 25
384 1
390 22
405 26
415 30
425 25
439 21
456 7
466 1
477 19
488 1
493 44
499 12
504 16
517 28
519 11
528 24
563 9
588 97
599 33
604 5
611 41
621 63
623 100
624 9
637 184
639 1
647 1
661 23
665 31
677 18
692 50
695 1
708 33
730 25
739 16
750 1
765 32
772 22
788 29
792 38
801 29
808 49
813 45
DEPOT_SECTION
EOF
